- name: tnnk
  latitude: 40.2497218
  longitude: -111.649276
  altitude: 1376.0
  heading: 0.0
- name: ul
  latitude: 40.2735
  longitude: -111.7126
  altitude: 1367.0
  heading: 0.0
- name: strawberry
  latitude: 40.137388
  longitude: -111.029430
  altitude: 2318.0
  heading: 0.0
- name: default_site
  latitude: 40.247125
  longitude: -111.647
  altitude: 1420.00
  heading: 0.0
